Some((
    red: 0.31938213,
    green: 0.34703043,
    blue: 0.40426895,
))