Some((
    red: 0.89030457,
    green: 0.8359453,
    blue: 0.76519126,
    alpha: 1.0,
))