Some((
    red: 0.9764706,
    green: 0.9254902,
    blue: 0.88235295,
))