Some((
    red: 1.0,
    green: 0.5797988,
    blue: 0.7119467,
    alpha: 1.0,
))