Some((
    red: 0.10875628,
    green: 0.11417211,
    blue: 0.11125437,
))