Some((
    red: 0.6923688,
    green: 0.0,
    blue: 0.35374898,
))