Some((
    red: 0.8977955,
    green: 0.8198083,
    blue: 0.899624,
    alpha: 1.0,
))