Some((
    red: 0.7098211,
    green: 0.604793,
    blue: 0.66155696,
))