Some((
    red: 0.70982105,
    green: 0.604793,
    blue: 0.6615571,
))