Some((
    red: 0.90095663,
    green: 0.27620542,
    blue: 0.523868,
))