Some((
    red: 0.89411765,
    green: 0.78431374,
    blue: 0.6509804,
))