Some((
    red: 0.8666667,
    green: 0.7607843,
    blue: 0.65882355,
))