Some((
    red: 0.14216655,
    green: 0.08706003,
    blue: 0.14588249,
    alpha: 1.0,
))