Some((
    red: 0.13333334,
    green: 0.12156863,
    blue: 0.11372549,
    alpha: 1.0,
))