Some((
    red: 0.5654017,
    green: 0.49761462,
    blue: 0.54095966,
))