Some((
    red: 0.41909757,
    green: 0.38145813,
    blue: 0.34817538,
))