Some((
    red: 0.48493606,
    green: 0.528978,
    blue: 0.47334808,
))