Some((
    red: 0.90976435,
    green: 0.8573113,
    blue: 0.87928677,
))