Some((
    red: 0.9764491,
    green: 0.9236457,
    blue: 0.88308686,
))