Some((
    red: 0.49410874,
    green: 0.5269991,
    blue: 0.4676143,
))